Graph with 4039 nodes and 88234 edges
density=0.010819963503439287
roc_auc=0.9929729117080358, average_precision=0.9895087475319169, threshold=0.08308656493784677
